Usable Data: 432/432
BWAMEM1_MEM24, test: 108
Wastage 25%: [115.72, 115.72, 546.85, 1067.02, 6346.57, 2466.86]
Wastage 50%: [124.16, 124.16, 390.21, 396.07, 1170.3, 2497.02]
Wastage 75%: [121.97, 121.97, 472.22, 290.09, 290.09, 2465.13]
Retries 25%: [0.0, 0.0, 0.1697530864197531, 0.41358024691358025, 0.41358024691358025, 0.0]
Retries 50%: [0.0, 0.0, 0.08333333333333333, 0.05555555555555555, 0.05555555555555555, 0.0]
Retries 75%: [0.0, 0.0, 0.12962962962962962, 0.0, 0.0, 0.0]
Runtime 25%: [110.58641975308642, 110.58641975308642, 127.75308641975309, 152.90740740740742, 152.90740740740742, 110.58641975308642]
Runtime 50%: [111.91666666666667, 111.91666666666667, 120.70370370370371, 118.56481481481481, 118.56481481481481, 111.91666666666667]
Runtime 75%: [110.29629629629629, 110.29629629629629, 123.92592592592592, 110.29629629629629, 110.29629629629629, 110.29629629629629]
Usable Data: 36/36
CRAM_QC_MOSDEPTH_SAMTOOLS_MOSDEPTH
Wastage 25%: [211.33, 171.75, 72.11, 292.7, 4150.7, 88.2]
Wastage 50%: [66.34, 66.34, 68.43, 244.71, 3438.82, 84.98]
Wastage 75%: [64.31, 64.31, 65.48, 61.25, 61.25, 82.99]
Retries 25%: [0.48148148148148145, 0.2962962962962963, 0.0, 0.3333333333333333, 0.3333333333333333, 0.0]
Retries 50%: [0.0, 0.0, 0.0, 0.2777777777777778, 0.2777777777777778, 0.0]
Retries 75%: [0.0, 0.0, 0.0, 0.0, 0.0, 0.0]
Runtime 25%: [132.37037037037038, 120.81481481481481, 104.14814814814815, 131.92592592592592, 131.92592592592592, 104.14814814814815]
Runtime 50%: [101.33333333333333, 101.33333333333333, 101.33333333333333, 122.66666666666667, 122.66666666666667, 101.33333333333333]
Runtime 75%: [99.33333333333333, 99.33333333333333, 99.33333333333333, 99.33333333333333, 99.33333333333333, 99.33333333333333]
Usable Data: 36/36
CRAM_QC_MOSDEPTH_SAMTOOLS_SAMTOOLS_STATS
Wastage 25%: [52.23, 52.23, 90.5, 52.82, 52.82, 2781.55]
Wastage 50%: [52.57, 52.57, 109.15, 53.07, 53.07, 2800.44]
Wastage 75%: [51.79, 51.79, 112.89, 52.21, 52.21, 2739.77]
Retries 25%: [0.0, 0.0, 0.25925925925925924, 0.0, 0.0, 0.0]
Retries 50%: [0.0, 0.0, 0.3888888888888889, 0.0, 0.0, 0.0]
Retries 75%: [0.0, 0.0, 0.4444444444444444, 0.0, 0.0, 0.0]
Runtime 25%: [470.3703703703704, 470.3703703703704, 479.4074074074074, 470.3703703703704, 470.3703703703704, 470.3703703703704]
Runtime 50%: [473.55555555555554, 473.55555555555554, 486.77777777777777, 473.55555555555554, 473.55555555555554, 473.55555555555554]
Runtime 75%: [463.3333333333333, 463.3333333333333, 477.77777777777777, 463.3333333333333, 463.3333333333333, 463.3333333333333]
Usable Data: 36/36
CRAM_QC_RECAL_MOSDEPTH
Wastage 25%: [272.68, 214.53, 384.8, 310.01, 4345.6, 99.88]
Wastage 50%: [177.58, 147.17, 192.02, 423.63, 6477.01, 96.62]
Wastage 75%: [84.52, 84.52, 81.89, 152.52, 1461.78, 89.98]
Retries 25%: [0.5185185185185185, 0.2962962962962963, 0.4444444444444444, 0.3333333333333333, 0.3333333333333333, 0.0]
Retries 50%: [0.16666666666666666, 0.1111111111111111, 0.16666666666666666, 0.5, 0.5, 0.0]
Retries 75%: [0.0, 0.0, 0.0, 0.1111111111111111, 0.1111111111111111, 0.0]
Runtime 25%: [135.25925925925927, 120.37037037037037, 140.66666666666666, 132.0, 132.0, 104.5925925925926]
Runtime 50%: [115.0, 110.88888888888889, 115.44444444444444, 144.44444444444446, 144.44444444444446, 103.33333333333333]
Runtime 75%: [102.22222222222223, 102.22222222222223, 102.22222222222223, 113.11111111111111, 113.11111111111111, 102.22222222222223]
Usable Data: 36/36
CRAM_QC_RECAL_SAMTOOLS_STATS
Wastage 25%: [51.78, 51.78, 81.79, 46.21, 46.21, 2469.9]
Wastage 50%: [54.55, 54.55, 90.65, 47.18, 47.18, 2519.17]
Wastage 75%: [60.83, 60.83, 103.39, 46.11, 46.11, 2453.77]
Retries 25%: [0.037037037037037035, 0.037037037037037035, 0.25925925925925924, 0.0, 0.0, 0.0]
Retries 50%: [0.05555555555555555, 0.05555555555555555, 0.3333333333333333, 0.0, 0.0, 0.0]
Retries 75%: [0.1111111111111111, 0.1111111111111111, 0.4444444444444444, 0.0, 0.0, 0.0]
Runtime 25%: [420.2962962962963, 420.2962962962963, 428.74074074074076, 418.51851851851853, 418.51851851851853, 418.51851851851853]
Runtime 50%: [429.22222222222223, 429.22222222222223, 437.8888888888889, 426.77777777777777, 426.77777777777777, 426.77777777777777]
Runtime 75%: [420.6666666666667, 420.6666666666667, 430.8888888888889, 415.77777777777777, 415.77777777777777, 415.77777777777777]
Usable Data: 36/36
FASTPing: 27, test: 98
Wastage 25%: [165.35, 144.05, 229.73, 203.91, 5827.6, 238.3]
Wastage 50%: [91.44, 56.96, 202.5, 69.59, 1800.46, 239.54]
Wastage 75%: [5.77, 5.77, 225.39, 9.39, 9.39, 233.99]
Retries 25%: [0.6666666666666666, 0.48148148148148145, 0.4444444444444444, 0.37037037037037035, 0.37037037037037035, 0.0]
Retries 50%: [0.2777777777777778, 0.16666666666666666, 0.3888888888888889, 0.1111111111111111, 0.1111111111111111, 0.0]
Retries 75%: [0.0, 0.0, 0.4444444444444444, 0.0, 0.0, 0.0]
Runtime 25%: [174.2962962962963, 155.55555555555554, 175.40740740740742, 169.33333333333334, 169.33333333333334, 124.0]
Runtime 50%: [151.11111111111111, 139.88888888888889, 169.77777777777777, 138.77777777777777, 138.77777777777777, 124.66666666666667]
Runtime 75%: [121.77777777777777, 121.77777777777777, 172.22222222222223, 121.77777777777777, 121.77777777777777, 121.77777777777777]
Usable Data: 36/36
FASTQCng: 27, test: 98
Wastage 25%: [90.98, 57.37, 48.65, 88.1, 3642.71, 1129.78]
Wastage 50%: [51.08, 30.38, 42.93, 42.14, 42.14, 1133.88]
Wastage 75%: [88.44, 47.46, 39.44, 40.19, 40.19, 1095.32]
Retries 25%: [0.37037037037037035, 0.14814814814814814, 0.0, 0.07407407407407407, 0.07407407407407407, 0.0]
Retries 50%: [0.16666666666666666, 0.05555555555555555, 0.0, 0.0, 0.0, 0.0]
Retries 75%: [0.3333333333333333, 0.1111111111111111, 0.0, 0.0, 0.0, 0.0]
Runtime 25%: [389.18518518518516, 354.6666666666667, 340.74074074074076, 369.037037037037, 369.037037037037, 340.74074074074076]
Runtime 50%: [365.55555555555554, 345.44444444444446, 342.0, 342.0, 342.0, 342.0]
Runtime 75%: [378.22222222222223, 338.44444444444446, 330.6666666666667, 330.6666666666667, 330.6666666666667, 330.6666666666667]
Usable Data: 864/1512
GATK4_APPLYBQSRtest: 216
Wastage 25%: [205.48, 205.13, 145.95, 134.34, 5370.19, 529.71]
Wastage 50%: [212.37, 211.92, 142.87, 134.23, 5034.24, 531.51]
Wastage 75%: [240.66, 240.66, 134.86, 129.81, 4117.33, 523.5]
Retries 25%: [0.006172839506172839, 0.0030864197530864196, 0.1558641975308642, 0.20679012345679013, 0.20679012345679013, 0.0]
Retries 50%: [0.009259259259259259, 0.004629629629629629, 0.13425925925925927, 0.1875, 0.1875, 0.0]
Retries 75%: [0.0, 0.0, 0.12962962962962962, 0.1712962962962963, 0.1712962962962963, 0.0]
Runtime 25%: [197.87962962962962, 197.78086419753086, 203.47530864197532, 204.91975308641975, 204.91975308641975, 197.67283950617283]
Runtime 50%: [197.89814814814815, 197.77314814814815, 202.72222222222223, 204.49074074074073, 204.49074074074073, 197.61111111111111]
Runtime 75%: [194.33333333333334, 194.33333333333334, 199.22222222222223, 200.0185185185185, 200.0185185185185, 194.33333333333334]
Usable Data: 864/1512
GATK4_BASERECALIBRATOR16
Wastage 25%: [163.28, 163.28, 161.49, 125.12, 3978.83, 245.53]
Wastage 50%: [156.67, 156.67, 173.05, 122.53, 4310.39, 247.94]
Wastage 75%: [161.65, 161.65, 189.59, 121.06, 5343.79, 247.96]
Retries 25%: [0.0, 0.0, 0.26851851851851855, 0.29475308641975306, 0.29475308641975306, 0.0]
Retries 50%: [0.0, 0.0, 0.27546296296296297, 0.3194444444444444, 0.3194444444444444, 0.0]
Retries 75%: [0.0, 0.0, 0.2916666666666667, 0.39351851851851855, 0.39351851851851855, 0.0]
Runtime 25%: [96.47839506172839, 96.47839506172839, 111.29629629629629, 111.89506172839506, 111.89506172839506, 96.47839506172839]
Runtime 50%: [97.51851851851852, 97.51851851851852, 113.21296296296296, 113.78703703703704, 113.78703703703704, 97.51851851851852]
Runtime 75%: [97.30555555555556, 97.30555555555556, 115.97222222222223, 118.0, 118.0, 97.30555555555556]
Usable Data: 36/36
GATK4_MARKDUPLICATES98
Wastage 25%: [36731.13, 36731.13, 52262.98, 49425.33, 115701.14, 33124.06]
Wastage 50%: [22502.33, 22502.33, 33637.6, 31715.82, 47363.97, 33354.24]
Wastage 75%: [20698.0, 20698.0, 23438.56, 26331.8, 26331.8, 33131.8]
Retries 25%: [0.48148148148148145, 0.48148148148148145, 0.5555555555555556, 0.48148148148148145, 0.48148148148148145, 0.0]
Retries 50%: [0.05555555555555555, 0.05555555555555555, 0.16666666666666666, 0.1111111111111111, 0.1111111111111111, 0.0]
Retries 75%: [0.0, 0.0, 0.0, 0.0, 0.0, 0.0]
Runtime 25%: [1920.8148148148148, 1920.8148148148148, 1973.4814814814815, 1920.8148148148148, 1920.8148148148148, 1550.6666666666667]
Runtime 50%: [1611.7777777777778, 1611.7777777777778, 1694.888888888889, 1654.4444444444443, 1654.4444444444443, 1562.7777777777778]
Runtime 75%: [1536.2222222222222, 1536.2222222222222, 1536.2222222222222, 1536.2222222222222, 1536.2222222222222, 1536.2222222222222]
Usable Data: 12/12
GERMLINE_CNVKIT_BATCH
Wastage 25%: [52102.41, 38907.17, 94318.98, 36281.1, 36281.1, 36281.1]
Wastage 50%: [35290.28, 39525.29, 73705.85, 36867.49, 36867.49, 36867.49]
Wastage 75%: [67032.02, 51366.79, 111990.21, 38291.13, 38291.13, 38291.13]
Retries 25%: [1.3333333333333333, 0.6666666666666666, 0.5555555555555556, 0.0, 0.0, 0.0]
Retries 50%: [0.5, 0.5, 0.3333333333333333, 0.0, 0.0, 0.0]
Retries 75%: [1.0, 0.6666666666666666, 0.6666666666666666, 0.0, 0.0, 0.0]
Runtime 25%: [7163.777777777777, 4944.888888888889, 6584.0, 4354.444444444444, 4354.444444444444, 4354.444444444444]
Runtime 50%: [5929.333333333333, 5929.333333333333, 5734.666666666667, 4335.333333333333, 4335.333333333333, 4335.333333333333]
Runtime 75%: [8648.666666666666, 7053.333333333333, 7320.0, 4520.0, 4520.0, 4520.0]
Usable Data: 12/24
GERMLINE_MERGE_STRELKA
Wastage 25%: [17.9, 70.08, 12.07, 6.81, 542.68, 94.05]
Wastage 50%: [5.94, 14.89, 7.97, 5.4, 5.4, 106.96]
Wastage 75%: [5.32, 8.87, 11.44, 4.77, 4.77, 102.83]
Retries 25%: [3.3333333333333335, 2.111111111111111, 0.5555555555555556, 0.2222222222222222, 0.2222222222222222, 0.0]
Retries 50%: [0.8333333333333334, 0.6666666666666666, 0.16666666666666666, 0.0, 0.0, 0.0]
Retries 75%: [0.3333333333333333, 0.3333333333333333, 0.3333333333333333, 0.0, 0.0, 0.0]
Runtime 25%: [54.0, 37.55555555555556, 37.333333333333336, 32.44444444444444, 32.44444444444444, 29.555555555555557]
Runtime 50%: [37.0, 35.666666666666664, 36.666666666666664, 33.0, 33.0, 33.0]
Runtime 75%: [35.333333333333336, 35.333333333333336, 39.333333333333336, 32.0, 32.0, 32.0]
Usable Data: 272/496
GERMLINE_STRELKA_SINGLE6
Wastage 25%: [28.75, 28.75, 29.17, 28.54, 1999.84, 310.0]
Wastage 50%: [27.5, 27.5, 34.23, 34.0, 2606.6, 341.7]
Wastage 75%: [27.92, 27.92, 31.85, 31.5, 1505.63, 349.63]
Retries 25%: [0.28921568627450983, 0.28921568627450983, 0.3872549019607843, 0.3088235294117647, 0.3088235294117647, 0.0]
Retries 50%: [0.051470588235294115, 0.051470588235294115, 0.4411764705882353, 0.3897058823529412, 0.3897058823529412, 0.0]
Retries 75%: [0.0, 0.0, 0.25, 0.20588235294117646, 0.20588235294117646, 0.0]
Runtime 25%: [44.3235294117647, 44.3235294117647, 44.36274509803921, 44.22549019607843, 44.22549019607843, 42.73529411764706]
Runtime 50%: [47.3235294117647, 47.3235294117647, 48.9264705882353, 48.955882352941174, 48.955882352941174, 46.779411764705884]
Runtime 75%: [47.794117647058826, 47.794117647058826, 49.55882352941177, 49.44117647058823, 49.44117647058823, 47.794117647058826]
Usable Data: 12/12
GERMLINE_TIDDIT_SV 3
Wastage 25%: [14352.43, 26923.38, 19354.45, 19329.26, 286927.11, 71069.48]
Wastage 50%: [15515.51, 14870.57, 21245.43, 20720.59, 306429.95, 73888.49]
Wastage 75%: [36138.02, 36138.02, 43293.55, 22313.38, 333801.89, 80027.59]
Retries 25%: [2.111111111111111, 1.3333333333333333, 1.0, 1.0, 1.0, 0.0]
Retries 50%: [1.1666666666666667, 1.0, 1.0, 1.0, 1.0, 0.0]
Retries 75%: [0.6666666666666666, 0.6666666666666666, 1.0, 1.0, 1.0, 0.0]
Runtime 25%: [3340.4444444444443, 2760.6666666666665, 3032.222222222222, 3032.0, 3032.0, 2323.5555555555557]
Runtime 50%: [3365.0, 3258.6666666666665, 3290.6666666666665, 3286.0, 3286.0, 2497.6666666666665]
Runtime 75%: [3709.3333333333335, 3709.3333333333335, 3879.3333333333335, 3619.3333333333335, 3619.3333333333335, 2722.6666666666665]
Usable Data: 36/36
MERGE_CRAM27, test: 98
Wastage 25%: [488.69, 511.06, 567.94, 534.28, 50371.75, 6972.48]
Wastage 50%: [347.06, 347.06, 419.71, 310.41, 9856.51, 7010.24]
Wastage 75%: [233.45, 233.45, 324.58, 228.79, 228.79, 6870.42]
Retries 25%: [0.7037037037037037, 0.6666666666666666, 0.7407407407407407, 0.6666666666666666, 0.6666666666666666, 0.0]
Retries 50%: [0.16666666666666666, 0.16666666666666666, 0.3888888888888889, 0.1111111111111111, 0.1111111111111111, 0.0]
Retries 75%: [0.0, 0.0, 0.2222222222222222, 0.0, 0.0, 0.0]
Runtime 25%: [679.0370370370371, 674.2222222222222, 687.1851851851852, 674.2222222222222, 674.2222222222222, 597.3333333333334]
Runtime 50%: [618.4444444444445, 618.4444444444445, 639.7777777777778, 612.5555555555555, 612.5555555555555, 600.4444444444445]
Runtime 75%: [588.4444444444445, 588.4444444444445, 607.3333333333334, 588.4444444444445, 588.4444444444445, 588.4444444444445]
Usable Data: 24/24
TUMOR_CNVKIT_BATCH: 62
Wastage 25%: [188.69, 262.14, 233.42, 252.19, 15952.63, 7937.56]
Wastage 50%: [256.0, 256.0, 275.34, 249.52, 7528.56, 7798.48]
Wastage 75%: [248.19, 248.19, 178.63, 210.76, 210.76, 7597.49]
Retries 25%: [0.3888888888888889, 0.3333333333333333, 0.2222222222222222, 0.16666666666666666, 0.16666666666666666, 0.0]
Retries 50%: [0.08333333333333333, 0.08333333333333333, 0.25, 0.08333333333333333, 0.08333333333333333, 0.0]
Retries 75%: [0.0, 0.0, 0.0, 0.0, 0.0, 0.0]
Runtime 25%: [705.2222222222222, 695.0, 690.6666666666666, 686.8888888888889, 686.8888888888889, 671.1111111111111]
Runtime 50%: [665.1666666666666, 665.1666666666666, 686.6666666666666, 665.1666666666666, 665.1666666666666, 659.5]
Runtime 75%: [641.6666666666666, 641.6666666666666, 641.6666666666666, 641.6666666666666, 641.6666666666666, 641.6666666666666]
Usable Data: 24/48
TUMOR_MERGE_STRELKA 62
Wastage 25%: [11.91, 17.4, 10.49, 5.86, 5.86, 114.91]
Wastage 50%: [7.74, 7.74, 7.18, 6.18, 6.18, 118.31]
Wastage 75%: [5.13, 5.13, 4.84, 6.12, 6.12, 118.25]
Retries 25%: [0.8888888888888888, 0.7222222222222222, 0.2777777777777778, 0.0, 0.0, 0.0]
Retries 50%: [0.08333333333333333, 0.08333333333333333, 0.08333333333333333, 0.0, 0.0, 0.0]
Retries 75%: [0.0, 0.0, 0.0, 0.0, 0.0, 0.0]
Runtime 25%: [45.0, 41.77777777777778, 39.666666666666664, 35.44444444444444, 35.44444444444444, 35.44444444444444]
Runtime 50%: [38.5, 38.5, 37.833333333333336, 36.333333333333336, 36.333333333333336, 36.333333333333336]
Runtime 75%: [36.333333333333336, 36.333333333333336, 36.333333333333336, 36.333333333333336, 36.333333333333336, 36.333333333333336]
Usable Data: 555/986
TUMOR_STRELKA_SINGLE 139
Wastage 25%: [27.46, 27.63, 30.48, 28.37, 475.78, 337.8]
Wastage 50%: [27.25, 27.25, 29.96, 28.15, 607.55, 332.55]
Wastage 75%: [27.57, 27.57, 28.95, 27.7, 227.65, 332.47]
Retries 25%: [0.016786570743405275, 0.016786570743405275, 0.17985611510791366, 0.06954436450839328, 0.06954436450839328, 0.0]
Retries 50%: [0.007194244604316547, 0.007194244604316547, 0.17625899280575538, 0.08992805755395683, 0.08992805755395683, 0.0]
Retries 75%: [0.014388489208633094, 0.014388489208633094, 0.14388489208633093, 0.02877697841726619, 0.02877697841726619, 0.0]
Runtime 25%: [46.45083932853717, 46.45083932853717, 47.83213429256595, 46.98800959232614, 46.98800959232614, 46.29736211031175]
Runtime 50%: [45.75539568345324, 45.75539568345324, 47.20863309352518, 46.44604316546763, 46.44604316546763, 45.64748201438849]
Runtime 75%: [45.856115107913666, 45.856115107913666, 47.07913669064748, 45.9568345323741, 45.9568345323741, 45.64028776978417]
Usable Data: 24/24
TUMOR_TIDDIT_SVest: 62
Wastage 25%: [21607.95, 21607.95, 33067.92, 17141.69, 57206.46, 65765.29]
Wastage 50%: [9586.15, 9586.15, 27073.25, 10877.89, 10877.89, 64575.54]
Wastage 75%: [9363.21, 9363.21, 21130.14, 10794.39, 10794.39, 64578.74]
Retries 25%: [0.6666666666666666, 0.6666666666666666, 0.7222222222222222, 0.16666666666666666, 0.16666666666666666, 0.0]
Retries 50%: [0.16666666666666666, 0.16666666666666666, 0.5, 0.0, 0.0, 0.0]
Retries 75%: [0.16666666666666666, 0.16666666666666666, 0.3333333333333333, 0.0, 0.0, 0.0]
Runtime 25%: [2956.0, 2956.0, 3002.3333333333335, 2419.4444444444443, 2419.4444444444443, 2217.8888888888887]
Runtime 50%: [2357.1666666666665, 2357.1666666666665, 2736.0, 2171.5, 2171.5, 2171.5]
Runtime 75%: [2366.3333333333335, 2366.3333333333335, 2546.0, 2175.0, 2175.0, 2175.0]